0.00246609 0.58232932
0.00000000 0.50803213
0.06288533 0.50200803
0.11097411 0.45180723
0.10234279 0.51004016
0.11344020 0.51807229
0.10727497 0.60040161
0.09494451 0.61445783
0.08138101 0.63453815
0.06535142 0.67269076
0.05302096 0.73092369
0.05795314 0.75903614
0.07768187 0.75903614
0.09001233 0.68674699
0.15906289 0.46385542
0.17016030 0.54417671
0.15659679 0.63052209
0.15536375 0.68072289
0.12577065 0.70682731
0.11713933 0.75702811
0.14303329 0.75702811
0.13070284 0.77710843
0.10974106 0.82128514
0.09371147 0.84136546
0.10727497 0.86144578
0.18125771 0.93975904
0.23181258 0.99397590
0.22194821 0.90562249
0.20838471 0.72891566
0.25770654 0.79718876
0.29223181 0.80923695
0.30826141 0.82530120
0.26880395 0.95983936
0.28853268 0.98795181
0.30949445 1.00000000
0.31935882 0.99598394
0.33045623 0.96184739
0.32799014 0.94779116
0.35511714 0.85341365
0.35635018 0.87550201
0.28236745 0.72088353
0.28113440 0.74297189
0.29593095 0.76706827
0.30579531 0.75903614
0.32059186 0.76506024
0.32552404 0.79317269
0.33662145 0.79116466
0.33168927 0.77108434
0.32922318 0.75502008
0.32799014 0.74096386
0.40567201 0.87751004
0.41800247 0.87951807
0.41430333 0.89357430
0.40073983 0.95983936
0.38964242 0.96987952
0.45376079 0.89959839
0.44512947 0.87349398
0.50924784 0.91967871
0.37114673 0.73895582
0.39087546 0.73092369
0.41183724 0.71485944
0.42540074 0.72289157
0.43156597 0.69277108
0.42540074 0.77710843
0.44019729 0.77510040
0.45499383 0.76305221
0.46115906 0.76907631
0.47718866 0.74899598
0.47718866 0.72088353
0.47225647 0.69879518
0.46115906 0.64658635
0.45622688 0.63253012
0.50678175 0.77710843
0.54623921 0.83132530
0.55240444 0.84939759
0.57953144 0.79919679
0.52527744 0.69477912
0.49815043 0.61445783
0.51541307 0.57429719
0.51294698 0.55220884
0.51418002 0.53614458
0.51171393 0.50401606
0.53390875 0.54417671
0.53020962 0.60843373
0.55240444 0.64658635
0.56103576 0.67670683
0.56720099 0.69277108
0.60172626 0.67670683
0.61035758 0.66265060
0.54870530 0.60441767
0.57213317 0.59437751
0.62022195 0.58634538
0.66337855 0.51004016
0.55117139 0.46787149
0.56103576 0.49196787
0.57459926 0.47991968
0.58569667 0.47188755
0.33045623 0.57831325
0.33415536 0.55622490
0.33415536 0.51405622
0.34525277 0.48795181
0.36004932 0.50401606
0.37484587 0.54216867
0.38840937 0.56626506
0.40937115 0.56626506
0.40443896 0.53614458
0.39210851 0.52811245
0.38840937 0.48995984
0.38224414 0.48192771
0.37607891 0.45381526
0.37361282 0.41164659
0.35511714 0.36546185
0.35635018 0.35140562
0.40073983 0.51004016
0.39827374 0.49799197
0.40937115 0.50200803
0.40443896 0.48795181
0.40813810 0.47991968
0.41800247 0.48393574
0.40073983 0.46787149
0.39704069 0.45582329
0.39087546 0.44578313
0.40320592 0.44377510
0.41183724 0.44979920
0.42046856 0.45180723
0.41553637 0.43775100
0.40567201 0.42369478
0.40690506 0.40963855
0.40320592 0.39357430
0.39950678 0.37751004
0.38840937 0.37148594
0.38224414 0.38353414
0.37731196 0.35943775
0.39210851 0.31927711
0.39334155 0.33935743
0.39950678 0.33333333
0.40813810 0.33132530
0.42663379 0.35943775
0.44019729 0.38353414
0.44759556 0.36546185
0.44266338 0.33333333
0.42416769 0.31927711
0.43526510 0.28514056
0.41183724 0.29919679
0.41553637 0.28915663
0.41800247 0.27710843
0.40813810 0.27108434
0.39950678 0.27108434
0.39457460 0.26907631
0.46979038 0.28112450
0.45252774 0.26506024
0.41307028 0.21485944
0.41430333 0.20682731
0.42170160 0.18473896
0.43033292 0.21686747
0.45745993 0.24698795
0.45992602 0.23694779
0.45129470 0.23694779
0.44759556 0.22289157
0.44019729 0.19678715
0.44266338 0.18875502
0.45869297 0.21084337
0.47348952 0.21485944
0.47472256 0.23895582
0.48212084 0.23895582
0.48828607 0.23493976
0.43403206 0.16064257
0.44143033 0.15863454
0.45745993 0.16265060
0.45252774 0.15662651
0.45376079 0.14859438
0.50431566 0.23493976
0.50924784 0.23493976
0.50184957 0.20281124
0.48458693 0.16265060
0.48705302 0.13654618
0.47718866 0.12449799
0.48581998 0.08835341
0.49815043 0.10441767
0.49815043 0.13052209
0.49691739 0.14658635
0.50061652 0.16265060
0.52034525 0.22289157
0.52157830 0.21084337
0.53144266 0.19076305
0.52034525 0.14859438
0.50678175 0.08433735
0.53884094 0.15060241
0.53637485 0.12851406
0.56473490 0.17068273
0.57583231 0.16265060
0.52281134 0.07429719
0.52774353 0.08433735
0.53514180 0.09437751
0.53514180 0.07831325
0.54130703 0.10240964
0.54870530 0.10642570
0.55363748 0.09437751
0.55980271 0.12048193
0.56720099 0.12048193
0.58446363 0.12851406
0.58816276 0.14056225
0.60295931 0.14457831
0.62392109 0.13855422
0.60542540 0.11244980
0.58199753 0.09638554
0.55610358 0.07831325
0.54747226 0.07228916
0.53390875 0.06425703
0.54377312 0.04618474
0.54623921 0.04216867
0.55487053 0.03614458
0.55980271 0.02610442
0.56226880 0.05020080
0.56843403 0.02811245
0.56843403 0.07228916
0.57829840 0.04216867
0.58692972 0.04216867
0.59062885 0.03614458
0.59062885 0.05421687
0.59556104 0.07228916
0.63255240 0.11044177
0.65104809 0.12048193
0.65474723 0.10040161
0.65967941 0.10040161
0.66091245 0.08634538
0.64364982 0.08032129
0.63748459 0.07831325
0.64364982 0.05823293
0.62762022 0.05823293
0.62268804 0.05220884
0.60172626 0.04618474
0.61282367 0.03815261
0.61898890 0.02610442
0.59679408 0.01606426
0.60049322 0.01204819
0.60912454 0.00803213
0.64364982 0.00000000
0.65104809 0.00803213
0.65228113 0.00200803
0.67077682 0.01204819
0.67077682 0.02208835
0.69173859 0.04417671
0.69173859 0.07028112
0.69050555 0.10040161
0.68680641 0.11244980
0.70283600 0.13453815
0.72133169 0.14457831
0.73612824 0.01807229
0.72256473 0.02008032
0.71516646 0.02008032
0.70160296 0.04216867
0.70776819 0.04417671
0.69790382 0.06425703
0.70653514 0.07630522
0.70900123 0.07028112
0.71886560 0.06024096
0.73982737 0.06024096
0.73119605 0.04417671
0.74106042 0.04016064
0.74722565 0.04016064
0.74352651 0.09036145
0.73736128 0.11646586
0.73859433 0.12851406
0.75832306 0.13253012
0.76202219 0.14457831
0.77065351 0.16265060
0.78298397 0.20080321
0.80394575 0.18072289
0.78545006 0.16064257
0.78668311 0.14658635
0.78421702 0.13654618
0.77928483 0.12650602
0.78421702 0.11445783
0.77558570 0.08433735
0.77928483 0.05220884
0.79284834 0.04819277
0.78791615 0.06626506
0.78914920 0.07630522
0.82244143 0.06626506
0.82244143 0.08232932
0.81011097 0.09236948
0.80394575 0.10843373
0.81381011 0.12048193
0.80517879 0.13052209
0.83107275 0.11445783
0.83600493 0.10843373
0.83600493 0.13253012
0.85080148 0.13253012
0.82860666 0.15461847
0.82244143 0.16867470
0.83107275 0.17469880
0.83723798 0.17068273
0.84093711 0.16265060
0.82860666 0.19277108
0.83353884 0.19678715
0.84586930 0.20281124
0.85696671 0.20481928
0.86436498 0.16666667
0.88409371 0.15060241
0.88779285 0.17269076
0.88162762 0.17871486
0.86806412 0.19879518
0.87176326 0.20682731
0.87299630 0.21887550
0.90875462 0.17670683
0.91615290 0.18875502
0.70036991 0.05823293
0.84217016 0.24297189
0.85203453 0.25903614
0.86683107 0.25702811
0.86929716 0.26907631
0.86313194 0.28313253
0.88655980 0.24899598
0.88409371 0.27510040
0.89149199 0.27309237
0.90012330 0.28915663
0.87916153 0.28915663
0.87669544 0.31124498
0.88779285 0.31726908
0.92231813 0.27108434
0.92848335 0.26104418
0.92725031 0.30321285
0.91122072 0.31526104
0.90505549 0.32931727
0.90258940 0.33935743
0.89395808 0.35341365
0.88902589 0.37148594
0.89765721 0.38554217
0.90012330 0.36947791
0.90998767 0.36144578
0.91738594 0.35742972
0.93341554 0.35341365
0.93094945 0.37148594
0.91861899 0.40160643
0.90135635 0.40361446
0.90628853 0.41967871
0.91491985 0.46385542
0.92601726 0.46787149
0.91985203 0.46184739
0.92725031 0.45783133
0.93094945 0.45381526
0.95067818 0.45180723
0.94327990 0.41164659
0.94204686 0.39959839
0.94821208 0.37751004
0.95561036 0.35542169
0.95684340 0.37550201
0.96177559 0.39357430
0.97287300 0.39558233
0.97780518 0.36546185
0.97903822 0.38353414
0.98150432 0.40963855
0.97903822 0.46385542
0.97287300 0.47590361
0.98397041 0.47991968
0.98273736 0.49397590
1.00000000 0.49598394
0.99136868 0.51204819
0.99876695 0.55622490
0.99136868 0.56626506
0.98520345 0.54216867
0.97903822 0.53614458
0.96547472 0.53212851
0.95930949 0.53212851
0.94944513 0.50401606
0.93958076 0.50401606
0.92601726 0.54417671
0.93711467 0.55823293
0.94327990 0.54819277
0.92478422 0.57831325
0.95561036 0.56224900
0.96547472 0.56626506
